5471 5550 80
5603 5651 49
9920 9921 2
11823 11827 5
15391 16727 1337
17066 17104 39
17128 17339 212
17357 17357 1
17474 17474 1
19285 19338 54
19427 19503 77
19613 20813 1201
28203 28244 42
39182 39182 1
44145 44161 17
50312 50407 96
58178 59306 1129
59343 59343 1
59431 59434 4
59564 59686 123
77498 77527 30
77554 78854 1301
111447 111447 1
111495 111570 76
111609 111644 36
121567 121567 1
121640 121910 271
127736 127800 65
127838 127882 45
129364 129369 6
129389 129389 1
129560 129634 75
130555 130679 125
138675 138755 81
147899 147901 3
149681 149681 1
149690 149694 5
149705 149705 1
149829 149939 111
149970 150038 69
150099 150915 817
150964 150994 31
151109 151163 55
151213 151293 81
151323 151456 134
151516 151570 55
151616 151965 350
152043 152196 154
152282 152681 400
152885 153027 143
153261 153443 183
153507 153588 82
154682 154757 76
155012 155301 290
155398 155406 9
155530 155581 52
155659 155747 89
156243 156298 56
156350 156458 109
156907 157309 403
164536 164649 114
168491 168639 149
168674 168695 22
168761 168863 103
168956 169139 184
173447 173501 55
173543 173546 4
173593 173600 8
183623 183626 4
183632 183660 29
183666 183669 4
183674 183677 4
183684 183690 7
184246 185086 841
190606 190737 132
192631 192774 144
212833 212836 4
216003 216053 51
216092 216174 83
224771 224832 62
224886 224890 5
226301 226301 1
226604 226617 14
226927 226941 15
227628 227630 3
228688 228688 1
228723 228724 2
237305 239361 2057
245947 246783 837
247545 248238 694
248285 248300 16
248343 248360 18
251954 252704 751
253334 253335 2
253425 253461 37
254781 254783 3
257908 258673 766
262949 263178 230
263198 263415 218
263529 263732 204
263759 267319 3561
267531 267688 158
267838 270523 2686
270543 271761 1219
271868 272190 323
273955 277672 3718
277705 282515 4811
282535 297206 14672
297257 302829 5573
304407 304409 3
312272 312272 1
315233 315239 7
315431 315533 103
316486 316531 46
317401 317402 2
325520 325521 2
344028 344028 1
344064 344072 9
344078 344078 1
344170 345003 834
349694 349845 152
354595 354598 4
357566 357674 109
357766 361189 3424
367581 368689 1109
369098 374927 5830
374960 374986 27
375000 375000 1
375076 375077 2
375171 375174 4
375268 375906 639
375926 376706 781
384775 384775 1
384995 385039 45
385076 385093 18
388647 388751 105
389908 390101 194
390350 390480 131
390505 390739 235
390776 391708 933
392653 392761 109
392967 392972 6
394441 394442 2
411222 411227 6
413304 413304 1
424920 424940 21
430954 431113 160
438184 438274 91
445298 445298 1
497821 497977 157
501534 501534 1
501543 501545 3
508142 508210 69
508559 508581 23
508635 508726 92
508819 508835 17
514406 514428 23
522834 529651 6818
529955 530125 171
543070 543153 84
543186 543187 2
551334 551352 19
551393 551413 21
553188 553223 36
557826 564616 6791
565167 565167 1
565407 566071 665
566378 566378 1
566606 566775 170
566982 567090 109
568035 568243 209
568647 570792 2146
574571 574584 14
574609 575801 1193
576127 576178 52
576265 576299 35
577073 577073 1
578867 579069 203
579117 580592 1476
580613 580613 1
581662 581663 2
581845 581980 136
582889 584656 1768
585808 585812 5
585823 585826 4
586109 587108 1000
596958 596958 1
596962 596976 15
597107 597108 2
608011 608200 190
608427 609347 921
617981 618252 272
624533 624580 48
624619 624723 105
632016 632114 99
632151 632179 29
636602 636971 370
637052 637282 231
637574 637692 119
637740 637757 18
639531 639551 21
639562 639613 52
641871 643495 1625
656206 656206 1
656325 656325 1
660452 660854 403
661007 661207 201
661474 661474 1
675503 680937 5435
681185 683473 2289
687855 689045 1191
689168 689358 191
699321 699324 4
699377 699415 39
699524 699561 38
705973 706016 44
707766 707772 7
707806 707895 90
715243 715259 17
715364 716725 1362
716851 716921 71
720326 720407 82
720587 720675 89
720802 721060 259
729345 730274 930
730294 732287 1994
732307 734157 1851
734178 736301 2124
736346 736387 42
736408 736681 274
736826 737300 475
737447 737448 2
737464 737966 503
738103 738962 860
740880 740997 118
741062 741062 1
748314 753169 4856
758488 758531 44
758599 758604 6
758616 758618 3
762770 762964 195
765150 771191 6042
771281 771383 103
777076 777084 9
780632 780711 80
780919 780998 80
781223 781368 146
781447 781524 78
781693 781790 98
784254 784805 552
815535 815560 26
815702 815736 35
832665 832968 304
845595 845697 103
845736 845740 5
857565 859236 1672
896169 896177 9
899760 899761 2
899812 899827 16
900787 900824 38
900829 900852 24
904202 904376 175
914882 914882 1
925613 925614 2
925781 925787 7
925794 925810 17
947066 948877 1812
948898 950296 1399
984320 984378 59
986305 986305 1
993237 993310 74
997581 1000541 2961
1000566 1004667 4102
1004680 1004680 1
1007685 1007822 138
1019789 1019792 4
1041907 1050971 9065
1053460 1053460 1
1062541 1062541 1
1062549 1062549 1
1063911 1063911 1
1063921 1065197 1277
1065350 1065364 15
1068323 1068421 99
1068455 1068481 27
1080808 1080941 134
1080998 1081253 256
1084681 1084683 3
1085021 1085021 1
1085088 1085090 3
1094198 1094244 47
1095191 1095297 107
1095505 1096967 1463
1097008 1097100 93
1097154 1097307 154
1097391 1097488 98
1133229 1133310 82
1141169 1141169 1
1146659 1146662 4
1146672 1146674 3
1167442 1167442 1
1175186 1175187 2
1180676 1180676 1
1196375 1204667 8293
1204687 1207725 3039
1207806 1209122 1317
1209155 1209422 268
1209464 1209544 81
1210224 1211410 1187
1211631 1212449 819
1217288 1217957 670
1220035 1220035 1
1220503 1221237 735
1221470 1221861 392
1229808 1230019 212
1230073 1230554 482
1230574 1230574 1
1232468 1232468 1
1239956 1240326 371
1245049 1245736 688
1252979 1256695 3717
1269515 1269700 186
1269783 1269873 91
1269946 1270226 281
1270375 1270411 37
1270584 1270585 2
1272378 1272387 10
1279354 1279476 123
1286527 1286707 181
1286950 1287058 109
1287347 1287347 1
1287382 1287535 154
1294418 1295412 995
1299499 1300692 1194
1311406 1311408 3
1314684 1314684 1
1315742 1316060 319
1326607 1326608 2
1335683 1335696 14
1351163 1351200 38
1351243 1351834 592
1357906 1362509 4604
1362541 1366752 4212
1366818 1366818 1
1382884 1382930 47
1382945 1382960 16
1396045 1397237 1193
1400341 1400352 12
1400393 1405555 5163
1405742 1405745 4
1405827 1405973 147
1417904 1417904 1
1418328 1418340 13
1418348 1418348 1
1419490 1419518 29
1419554 1420677 1124
1421079 1421745 667
1427920 1428400 481
1428487 1428794 308
1429342 1429342 1
1429390 1429654 265
1429681 1430455 775
1430566 1431864 1299
1431884 1432503 620
1432653 1432659 7
1432747 1434737 1991
1434771 1434798 28
1435002 1435111 110
1446271 1465119 18849
1465158 1465276 119
1466286 1466337 52
1466411 1466440 30
1466873 1467414 542
1467464 1467909 446
1469243 1473013 3771
1473236 1473380 145
1473461 1473531 71
1473806 1473950 145
1475174 1477575 2402
1477605 1477605 1
1492006 1492006 1
1492027 1493674 1648
1503162 1504425 1264
1504600 1504736 137
1504763 1504908 146
1509243 1509685 443
1519095 1520426 1332
1520576 1520933 358
1526855 1527576 722
1527614 1531696 4083
1531829 1532291 463
1532393 1533285 893
1536057 1536106 50
1536179 1536361 183
1544249 1546209 1961
1546227 1546227 1
1552689 1552790 102
1557100 1563257 6158
1565923 1566452 530
1566500 1567184 685
1572212 1572212 1
1590261 1590261 1
1590313 1590749 437
1592596 1600163 7568
1600183 1601624 1442
1601654 1607234 5581
1609217 1609225 9
1615848 1616863 1016
1616933 1616933 1
1620210 1620246 37
1623945 1623945 1
1624195 1625210 1016
1625313 1625313 1
1632288 1632482 195
1632518 1634529 2012
1634793 1635841 1049
1636592 1639523 2932
1640068 1640159 92
1640511 1645029 4519
1645289 1649428 4140
1649497 1649499 3
1649519 1649524 6
1649583 1650894 1312
1651550 1651797 248
1651818 1652748 931
1665189 1665189 1
1691403 1691419 17
1691452 1691485 34
1693503 1693503 1
1729193 1733575 4383
1736018 1736025 8
1736031 1736031 1
1736038 1736043 6
1768716 1768897 182
1802940 1802940 1
1803892 1804765 874
1804803 1804803 1
1812329 1813439 1111
1816125 1816168 44
1816306 1816383 78
1816592 1816686 95
1829544 1829547 4
1834796 1834796 1
1843694 1843722 29
1843730 1843730 1
1843760 1845167 1408
1881055 1882262 1208
1882274 1882274 1
1882433 1886787 4355
1886826 1886832 7
1896141 1896148 8
1948618 1948743 126
1961799 1962583 785
1966316 1966317 2
1969492 1970855 1364
1978503 1979270 768
1987502 1987502 1
2002344 2003116 773
2010506 2012562 2057
2022645 2022647 3
2033987 2033987 1
2034146 2034964 819
2034999 2035108 110
2035160 2035198 39
2035219 2035228 10
2035595 2035596 2
2042026 2043037 1012
2044630 2045212 583
2045249 2045256 8
2045545 2049236 3692
2049713 2050013 301
2051628 2052130 503
2066159 2067351 1193
2070471 2070501 31
2070657 2070657 1
2071767 2072467 701
2074662 2074664 3
2074719 2074721 3
2076300 2076301 2
2084183 2085699 1517
2097229 2097256 28
2097495 2097495 1
2097632 2097634 3
2098434 2098435 2
2101300 2111424 10125
2111444 2113135 1692
2139490 2139701 212
2150935 2151726 792
2153380 2153398 19
2153432 2153432 1
2164998 2165006 9
2165011 2165012 2
2165556 2165576 21
2167203 2167811 609
2167824 2167824 1
2170376 2170484 109
2177307 2177307 1
2177338 2177339 2
2177384 2177406 23
2187313 2187316 4
2198060 2198514 455
2199319 2199319 1
2201520 2201648 129
2204297 2204306 10
2211706 2211708 3
2211721 2211722 2
2219662 2219666 5
2219676 2219685 10
2219689 2219690 2
2226466 2226475 10
2229068 2229158 91
2229370 2229445 76
2233979 2233979 1
2251956 2252074 119
2252104 2252300 197
2252372 2252547 176
2252830 2252883 54
2252997 2253360 364
2253436 2254076 641
2256060 2256060 1
2256070 2256073 4
2256077 2256078 2
2258696 2258946 251
2259077 2259183 107
2259325 2259745 421
2286420 2287052 633
2287184 2287195 12
2287420 2287420 1
2287506 2288104 599
2288126 2288509 384
2288919 2290113 1195
2291163 2291247 85
2291302 2291325 24
2304502 2304581 80
2304616 2304622 7
2304707 2304848 142
2304961 2304961 1
2312054 2312054 1
2312173 2312234 62
2312495 2312496 2
2316924 2316947 24
2341919 2342430 512
2342451 2342651 201
2342713 2342776 64
2342829 2343390 562
2343420 2343529 110
2344253 2344254 2
2344833 2344845 13
2347240 2347258 19
2347336 2347350 15
2349555 2349934 380
2357750 2357800 51
2381157 2381334 178
2381548 2381549 2
2382518 2383158 641
2383490 2384021 532
2384210 2384212 3
2385441 2385441 1
2385464 2385464 1
2386312 2386317 6
2387439 2389999 2561
2422629 2423629 1001
2449158 2450072 915
2450135 2450211 77
2450237 2450585 349
2450617 2451071 455
2451098 2451805 708
2451831 2451887 57
2452018 2452181 164
2452223 2452761 539
2452847 2452926 80
2452974 2453033 60
2453085 2453154 70
2453211 2453331 121
2453361 2453415 55
2453443 2453444 2
2453490 2453520 31
2453644 2453939 296
2453975 2454177 203
2454295 2454536 242
2454559 2455149 591
2455182 2455464 283
2455572 2455596 25
2455661 2456333 673
2460594 2460594 1
2461555 2461608 54
2461665 2461971 307
2462046 2462181 136
2462287 2462389 103
2462485 2462589 105
2462657 2464207 1551
2466391 2476706 10316
2480605 2480605 1
2480628 2480628 1
2493312 2493312 1
2494270 2494271 2
2514278 2514668 391
2514904 2515617 714
2517961 2517961 1
2519037 2519040 4
2521369 2521466 98
2521587 2521587 1
2525079 2525079 1
2537707 2538519 813
2538656 2538670 15
2543645 2543786 142
2544753 2545684 932
2548186 2549367 1182
2549399 2549401 3
2549441 2549529 89
2549565 2549593 29
2558699 2565479 6781
2575996 2575996 1
2581700 2581725 26
2592970 2592980 11
2593018 2593021 4
2593034 2593043 10
2600991 2614811 13821
2635455 2635880 426
2642368 2642373 6
2653550 2653781 232
2656372 2656419 48
2656528 2656538 11
2662335 2662354 20
2662531 2662534 4
2667934 2673262 5329
2673280 2673280 1
2679417 2679417 1
2684097 2684113 17
2684144 2684145 2
2684231 2684243 13
2700280 2700280 1
2700530 2700531 2
2714252 2714275 24
2714383 2714409 27
2725920 2725920 1
2726218 2726219 2
2726379 2726391 13
2727315 2727315 1
2727450 2727462 13
2727966 2728015 50
2728644 2728644 1
2728828 2728923 96
2729203 2729566 364
2730885 2730890 6
2741730 2741730 1
2746274 2746432 159
2755384 2755390 7
2755507 2755508 2
2755957 2768823 12867
2768889 2769039 151
2769069 2769105 37
2769135 2769428 294
2769471 2775990 6520
2776034 2776291 258
2776368 2777971 1604
2778103 2778135 33
2778474 2778474 1
2778491 2782823 4333
2782901 2783180 280
2783235 2788837 5603
2798516 2798516 1
2800534 2800606 73
2807103 2807103 1
2814156 2814211 56
2817949 2817950 2
2818359 2818471 113
2838260 2842360 4101
2842461 2842556 96
2856418 2856464 47
2856821 2856821 1
2856894 2856895 2
2866454 2866512 59
2873011 2873011 1
2877630 2887310 9681
2888354 2888354 1
2903447 2904377 931
2905508 2905921 414
2910717 2911416 700
2945884 2945894 11
2946010 2946025 16
2947591 2947591 1
2947687 2947758 72
2987246 2996360 9115
2997694 2998918 1225
3012427 3012577 151
3042350 3042429 80
3045102 3046123 1022
3059643 3059643 1
3061141 3061168 28
3061779 3061827 49
3061870 3066126 4257
3069971 3069999 29
3070068 3070104 37
3073893 3074206 314
3075368 3076015 648
3079384 3079642 259
3082143 3082146 4
3082848 3082849 2
3083876 3083938 63
3093926 3093959 34
3093993 3094058 66
3098428 3098555 128
3110490 3110590 101
3114416 3114493 78
3115455 3115456 2
3115629 3115632 4
3116071 3116071 1
3116076 3116077 2
3116213 3116213 1
3116221 3116226 6
3116233 3116233 1
3116507 3116620 114
3119207 3119207 1
3130146 3131339 1194
3150584 3150815 232
3158906 3158906 1
3166153 3167696 1544
3167820 3168746 927
3171834 3172417 584
3173462 3173507 46
3181578 3181615 38
3183328 3183514 187
3183611 3183814 204
3185043 3185265 223
3185289 3186094 806
3187427 3191709 4283
3194741 3194741 1
3194782 3194919 138
3203126 3203141 16
3203186 3203188 3
3203270 3203289 20
3216683 3216686 4
3231335 3231448 114
3234219 3234539 321
3239608 3239673 66
3252107 3252107 1
3252178 3252183 6
3252188 3252191 4
3252220 3252221 2
3252665 3253316 652
3258166 3258169 4
3258197 3258200 4
3267895 3267899 5
3267957 3268683 727
3268747 3269559 813
3269684 3270061 378
3270098 3270173 76
3281668 3281668 1
3286995 3292478 5484
3298832 3299510 679
3304508 3304508 1
3330558 3330578 21
3360657 3369004 8348
3374439 3376249 1811
3383269 3383270 2
3392121 3392125 5
3392213 3392213 1
3392293 3392297 5
3407267 3407375 109
3423268 3423405 138
3424225 3424239 15
3424651 3424664 14
3424912 3424914 3
3425562 3425617 56
3426243 3426243 1
3426426 3426546 121
3426778 3426813 36
3428489 3428515 27
3499693 3504781 5089
3504819 3504933 115
3510465 3510469 5
3512487 3512631 145
3530697 3530706 10
3530711 3530712 2
3530833 3530889 57
3534443 3534484 42
3539861 3539862 2
3543203 3543450 248
3558705 3558706 2
3563519 3563556 38
3563638 3564128 491
3575665 3575718 54
3578791 3578983 193
3583430 3584195 766
3586730 3586738 9
3608645 3608661 17
3610542 3610542 1
3618991 3619882 892
3619903 3621896 1994
3621916 3624258 2343
3624389 3624853 465
3624959 3625523 565
3630821 3634929 4109
3635023 3635100 78
3635212 3635422 211
3635895 3636228 334
3639180 3639194 15
3639327 3639329 3
3647870 3648071 202
3648146 3648304 159
3648431 3648431 1
3648490 3650175 1686
3650961 3650964 4
3651073 3651073 1
3651116 3651116 1
3651654 3653793 2140
3655216 3655247 32
3666031 3666032 2
3666044 3666049 6
3708467 3708526 60
3720633 3722075 1443
3736195 3736280 86
3736301 3736302 2
3744135 3744983 849
3745208 3745270 63
3745384 3745786 403
3745889 3746060 172
3750782 3754837 4056
3754894 3754913 20
3754942 3754969 28
3756616 3756622 7
3761994 3762874 881
3762894 3764887 1994
3764907 3770241 5335
3774267 3774299 33
3776161 3776161 1
3776559 3776560 2
3776567 3776571 5
3777029 3777060 32
3777164 3777164 1
3777178 3777181 4
3781014 3781181 168
3792657 3793938 1282
3796878 3805257 8380
3805315 3805316 2
3805351 3805602 252
3805626 3805723 98
3805781 3805895 115
3806043 3806139 97
3806373 3806555 183
3806816 3806930 115
3806996 3806996 1
3807070 3807939 870
3808175 3808175 1
3808289 3808387 99
3808419 3808450 32
3817789 3818005 217
3827315 3827443 129
3828726 3828731 6
3832169 3832199 31
3832208 3832208 1
3836331 3838218 1888
3840245 3840245 1
3840253 3840259 7
3840269 3840272 4
3853067 3853753 687
3856319 3856908 590
3861144 3861966 823
3862327 3864565 2239
3865688 3865689 2
3875481 3875588 108
3875635 3875798 164
3875846 3876101 256
3890154 3890154 1
3896673 3896679 7
3896875 3897110 236
3897990 3898621 632
3898664 3898664 1
3908467 3908491 25
3908534 3908550 17
3938579 3938581 3
3943353 3943397 45
3944865 3944916 52
3945567 3945575 9
3945899 3945925 27
3956875 3956932 58
3959450 3959454 5
3959460 3959485 26
3959490 3959499 10
3959830 3960673 844
3993704 3993705 2
3993735 3993736 2
3994256 3994297 42
4000144 4000290 147
4002378 4003104 727
4003158 4003203 46
4012907 4013064 158
4015311 4015370 60
4017194 4017235 42
4027358 4027358 1
4027407 4027491 85
4035732 4035741 10
4038059 4038059 1
4040429 4040507 79
4040672 4040859 188
4053566 4053568 3
4053573 4053574 2
4056453 4056599 147
4056621 4056624 4
4063564 4072556 8993
4072592 4072868 277
4072891 4073020 130
4073077 4075485 2409
4078440 4079079 640
4079117 4079187 71
4079631 4080235 605
4086916 4086916 1
4086946 4087415 470
4087565 4087689 125
4088039 4093125 5087
4115675 4115675 1
4115701 4115703 3
4115710 4115711 2
4127922 4128053 132
4132267 4132465 199
4153386 4153591 206
4153633 4153685 53
4158224 4158277 54
4160909 4160980 72
4168261 4168475 215
4169181 4169181 1
4169811 4169853 43
4170360 4170422 63
4170469 4170512 44
4171431 4171444 14
4171604 4171605 2
4171792 4171955 164
4179632 4179770 139
4189628 4190579 952
4202045 4202525 481
4210583 4210583 1
4211205 4211255 51
4211760 4211777 18
4211912 4211912 1
4212972 4212972 1
4213007 4213008 2
4220307 4222796 2490
4227505 4227740 236
4229370 4229370 1
4230233 4230318 86
4231223 4231360 138
4240128 4240138 11
4240144 4240144 1
4240165 4240206 42
4240237 4240237 1
4240739 4242530 1792
4249456 4249460 5
4249465 4249466 2
4250536 4252399 1864
4260019 4260019 1
4260045 4261756 1712
4264232 4264306 75
4265731 4265770 40
4265998 4266132 135
4266246 4266377 132
4266863 4266886 24
4266919 4267034 116
4268306 4269306 1001
4281631 4283220 1590
4296419 4296427 9
4297135 4297213 79
4314194 4314281 88
4314321 4314343 23
4325888 4325907 20
4325936 4326207 272
4326236 4326307 72
4326322 4326322 1
4341689 4341761 73
4341863 4341863 1
4343267 4344934 1668
4373180 4373180 1
4373227 4373258 32
4373299 4373356 58
4374466 4374515 50
4374537 4374609 73
4385306 4385803 498
4386039 4386039 1
4396467 4396469 3
4409123 4409246 124
4426611 4427691 1081
4437494 4438722 1229
4448244 4448245 2
4448398 4449047 650
4472569 4477180 4612
4477314 4477346 33
4479487 4480932 1446
4480979 4480979 1
4496540 4497139 600
4497574 4497799 226
4497916 4498181 266
4499513 4499605 93
4500777 4502088 1312
4502263 4502532 270
4503507 4508692 5186
4509007 4509205 199
4509479 4509487 9
4519241 4534728 15488
4534802 4536507 1706
4536562 4536610 49
4555350 4555407 58
4555428 4556970 1543
4557057 4557117 61
4557341 4557388 48
4561216 4561216 1
4567251 4567251 1
4567271 4568867 1597
4569977 4570480 504
4570556 4571301 746
4571437 4579505 8069
4579962 4587907 7946
4589080 4589125 46
4591571 4591571 1
4593313 4595030 1718
4595491 4595536 46
4595579 4595870 292
4595905 4596067 163
4606519 4606612 94
4618104 4618206 103
4628549 4628552 4
4628690 4628793 104
4630617 4630618 2
4633171 4633192 22
4633196 4633232 37
4641646 4641652 7
